Document Title	Topic 0 Weight	Topic 1 Weight	Topic 2 Weight	Topic 3 Weight	Topic 4 Weight	Topic 5 Weight	Topic 6 Weight
1934	8.157653	16.956921	10.174152	36.296976	2.84143	3.849679	21.72319
1935	11.3396	12.514688	13.572268	32.608697	1.703878	1.351351	26.909518
1936	10.149942	18.22376	11.707035	34.659746	3.287197	2.133795	19.838524
1937	7.255048	13.762154	13.986537	32.23635	2.543007	0.897532	29.319373
1938	9.720312	16.964695	10.178817	36.130217	1.696469	2.246676	23.062815
1939	10.806271	13.269877	11.2542	33.034715	3.863382	2.463606	25.30795
1940	6.483957	21.657754	13.16845	33.221924	5.213904	1.871658	18.382353
1941	9.29928	19.253439	9.561231	40.406024	4.453176	1.506221	15.52063
1942	7.147296	13.175885	11.559975	46.426353	6.463642	4.164077	11.062772
1943	5.102041	14.139941	14.382896	40.621963	6.948493	3.35277	15.451895
1944	7.459338	21.25631	9.814919	35.726303	3.477285	2.075154	20.19069
1945	5.178446	13.925822	10.076977	41.217634	6.717984	3.638908	19.244227
1947	8.46543	9.173693	8.836425	38.043845	1.315346	0.505902	33.65936
1948	12.489796	9.306122	12.979592	30.44898	1.714286	0.44898	32.612246
1949	13.381124	10.872162	9.617682	29.45042	2.747909	1.433692	32.497013
1950	11.606392	14.129521	8.915055	32.92683	2.607233	0.967199	28.847772
1951	7.162384	11.427009	11.044286	45.544013	5.139421	1.913614	17.769273
1952	11.272275	9.573145	12.30833	41.525072	4.061335	4.309988	16.949855
1954	13	13.258064	9.387097	32.677418	1.935484	0.322581	29.419354
1955	14.580072	7.981221	8.059468	33.776733	1.956182	0.417319	33.229002
1956	12.401575	8.858268	6.102362	27.165353	3.543307	3.740158	38.188976
1957	12.386418	11.525586	6.456241	35.628885	2.534672	1.530368	29.937828
1958	12.296417	13.314332	9.649837	35.83062	3.420195	2.728013	22.760586
1959	12.188254	13.435237	9.895414	31.777957	4.062751	0.844731	27.795655
1960	11.241135	17.092198	11.77305	34.539008	2.056738	0.921986	22.375886
1962	12.626417	16.089489	11.247318	26.172236	5.730923	3.524364	24.609256
1963	15.469404	15.583429	12.50475	27.746105	6.271379	2.660585	19.764349
1964	15.28789	12.971541	15.023163	20.185308	7.743216	3.97088	24.818002
1965	13.974854	17.166345	12.572534	21.663442	7.350097	5.560929	21.7118
1966	14.84992	14.178514	13.586098	28.71248	7.503949	4.936809	16.232227
1967	19.722651	12.419106	13.528505	22.619414	7.180277	4.684129	19.845916
1968	20.846052	11.731356	9.201918	21.325774	8.678587	5.974705	22.241604
1970	25.2105	12.481426	13.868251	20.257553	5.002477	6.636949	16.542843
1971	30.35271	8.594138	20.168902	11.972181	7.501242	5.365127	16.045703
1972	21.540178	12.388393	17.689732	19.642857	5.915179	5.580357	17.243303
1974	28.116712	14.58886	11.803713	16.357206	3.97878	8.355438	16.799292
1975	22.71863	10.266159	11.739544	21.102661	2.043726	8.222433	23.906843
1976	21.457006	14.729299	16.958599	14.132166	5.294586	8.996815	18.43153
1978	15.014032	12.301216	17.212348	15.060805	5.144996	12.956034	22.31057
1979	13.43465	12.948328	21.580547	16.109422	6.443769	8.93617	20.547113
1980	12.944606	16.734694	10.612245	27.696794	7.463557	8.104956	16.443148
1981	26.943943	7.052441	11.211573	13.517179	3.481013	18.535262	19.25859
1982	25.771183	10.347521	15.73604	13.158922	5.076142	13.510348	16.399844
1983	21.071953	12.812041	14.35389	14.390603	7.342144	14.464024	15.565345
1984	19.562624	14.552684	14.870775	11.133201	11.610338	15.984096	12.286282
1985	23.462929	15.05425	11.980108	9.810127	13.019891	15.9132	10.759494
1986	23.227248	17.029592	11.613624	8.486879	15.46622	15.410385	8.766052
1987	20.396914	19.018742	11.907387	9.316428	11.245865	17.309813	10.804851
1988	23.343183	16.969185	15.280709	8.737864	10.215281	15.702829	9.75095
1989	18.592751	12.707889	15.22388	8.102346	14.712153	19.530916	11.130064
1990	19.319429	19.09989	10.922064	10.263447	12.019759	22.22832	6.147091
1991	15.412748	18.338558	13.009404	14.838035	13.322884	14.420062	10.658307
1992	15.168068	14.789917	12.731093	8.571429	9.495798	30.294117	8.94958
1993	20.14594	8.312183	13.705584	6.535533	7.043147	34.771574	9.48604
1994	16.157834	11.72235	15.46659	3.657834	15.00576	31.53802	6.451613
1995	16.305952	11.387113	14.387605	4.451549	12.936547	34.604034	5.927201
1996	16.301046	16.604793	13.53358	2.767465	17.077287	27.539656	6.176173
1997	15.339324	16.021073	12.798265	3.501704	22.993493	20.948249	8.397893
1998	15.434174	13.92157	13.501401	3.557423	21.064426	25.54622	6.97479
1999	20.070519	12.61188	9.872525	4.692162	19.582316	23.569298	9.601302
2000	14.699887	11.687429	11.596829	3.397508	21.177803	30.169874	7.270668
2001	23.076923	9.661172	13.965201	3.296704	16.025642	20.787546	13.186814
2002	11.266202	15.304087	10.119641	8.973081	31.854436	14.40678	8.075773
2003	11.225238	11.482025	15.810712	10.56493	28.68672	12.619223	9.611152
2004	13.653414	11.47787	13.428357	6.526632	31.057763	15.303826	8.552138
2005	12.83255	11.971831	13.654147	6.729265	28.169015	16.70579	9.937402
2006	13.690476	16.778274	13.355654	7.403274	25.18601	14.211309	9.375
2007	11.302122	14.008778	11.887345	6.766643	30.468178	16.752012	8.814924
2008	13.469388	13.367347	13.809524	6.564626	28.163266	15.442176	9.183674
2009	15.243903	11.406026	13.558106	3.909612	14.418939	33.177906	8.285509
2010	12.431497	8.912604	16.700317	4.326507	13.094895	38.275164	6.259014
2011	11.595519	10.021193	18.770814	2.876173	17.196488	34.695733	4.844081
2012	12.378223	8.252149	15.702006	2.979943	15.616046	39.28367	5.787966
2013	11.675423	7.413894	13.57268	4.05721	18.739054	35.726795	8.814944
2014	9.776773	9.465951	17.236507	2.740887	20.288217	34.501272	5.990393
2015	8.288611	10.107335	17.859273	2.832439	17.859273	37.65653	5.396542
2016	9.546703	10.233516	20.054945	2.472527	15.590659	36.057693	6.043956
2017	14.823815	18.307006	9.882543	5.589308	21.344674	23.045768	7.006885
2018	11.841652	16.523236	11.222031	3.717728	22.61618	29.225475	4.853701
2019	10.816327	16.054422	8.503401	4.659864	26.394558	29.591838	3.979592
2020	14.498028	15.680923	10.55505	3.700333	29.08705	21.322414	5.156203